c <- 4 + 5 + 2 + 7 + 8 + 10 + 147 + 5 + 6 + 8